Code;Territoire;Population totale;Nombre de femmes;Nombre d'hommes
21001A041;VEEWEYDE-SUD;2674;1346;1328
21001A472;STADE COMMUNAL - INDUSTRIE;859;433;426
21001A83-;PETERBOS;3029;1692;1337
21001A503;VIVES;1644;924;720
21001A3MJ;CERIA I;11;5;6
21001A331;WALCOURT;173;77;96
21001A332;ROUE;1223;590;633
21001A43-;VAN BEETHOVEN;1356;703;653
21001A401;ARBORETUM;751;422;329
21001A32-;AURORE;4141;2212;1929
21001A53-;NELLIE MELBA;417;213;204
21001A41-;ROMAIN ROLLAND;2385;1304;1081
21001A492;ETANGS - PARC;0;0;0
21001A37-;ZUEN - INDUSTRIE;15;9;6
21001A85-;AUBADE;687;334;353
21001B3MJ;PETITE ILE - RIVE DROITE;133;68;65
21001A51-;SCHERDEMAEL;1527;820;707
21001A42-;KAT;548;283;265
21001A52-;SCHERDEMAEL-NORD;517;270;247
21001C70-;BON AIR - CENTRE;279;152;127
21001A552;TREFLE;2579;1312;1267
21001A84-;POESIE;1177;633;544
21001A34-;ROUE - CITE JARDIN;2219;1152;1067
21001A350;CERIA - ZONE D'HABITAT;1313;633;680
21001A441;DOCTEUR ROUX;2298;1132;1166
21001C512;CHANTS D'OISEAUX;1515;878;637
21001C71-;BON AIR - CITE JARDIN;1443;749;694
21001A82-;MOORTEBEEK;1820;951;869
21001C611;SOETKIN;546;278;268
21001C581;CIMETIERE;52;27;25
21001C522;HOPITAL U.L.B.;213;116;97
21001A451;VENIZELOS;1648;849;799
21001A30-;BIZET;2824;1406;1418
21001A80-;SILLON;2925;1610;1315
21001A81-;BROECK;1891;1006;885
21001C79-;BON AIR - HABITATIONS DISP.;133;81;52
21001A31-;CHAUSSEE DE MONS - SAINT-LUC;824;420;404
21001A031;RAUTER-SUD;1949;941;1008
21001B22-;BROGNIEZ-SUD;1262;637;625
21001B321;ALBERT I- QUARTIER;1950;921;1029
21001B20-;CONSEIL-NORD;5469;2575;2894
21001B23-;CONSEIL-SUD;1503;678;825
21001A142;VEEWEYDE-NORD;1184;603;581
21001A051;LINDE-EST;1531;752;779
21001A941;CROCUS;2287;1208;1079
21001A732;SCHEUTVELD;312;169;143
21001A982;PARC FORESTIER;0;0;0
21001A90-;SCHEUTKAPEL;2114;1127;987
21001A783;SCHEUT-INTERNAT;1;0;1
21001A132;RAUTER-NORD;1071;499;572
21001B31-;ALBERT I- IMMEUBLES;861;469;392
21001B25-;REVISION-NORD;3849;1814;2035
21001B11-;ROSEE-OUEST;857;368;489
21001A72-;OSSEGEM;3309;1668;1641
21001A011;KLEINMOLEN;3230;1514;1716
21001B17-;ABATTOIR;1033;498;535
21001A712;SCHEUT - DE SMET;960;475;485
21001A07-;BIRMINGHAM;341;159;182
21001B21-;BROGNIEZ-NORD;3515;1589;1926
21001A911;SCHEUT-EST;2208;1096;1112
21001A931;AGRAFE-NORBERT GILLE;1958;982;976
21001A74-;SCHEUT-OUEST;2672;1334;1338
21001A92-;JAKOB SMITS;3601;1823;1778
21001A00-;RESISTANCE;2842;1348;1494
21001A08-;ASTRID (PARC);2;1;1
21001A95-;BUFFON;3216;1615;1601
21001B10-;ROSEE-EST;2637;1243;1394
21001B332;GOUJONS;1076;562;514
21001B241;REVISION-SUD;1996;947;1049
21001B372;DEUX GARES;63;30;33
21001A10-;PORSELEIN;1083;532;551
21001A120;MINIMES;3409;1704;1705
21001A152;LINDE-OUEST;1377;683;694
21001A02-;WAYEZ;1015;460;555
21001A112;BIESTEBROEK;2807;1388;1419
21002A20-;SAINT-JULIEN;1183;600;583
21002A53-;PECHERIES;1350;732;618
21002A511;INVALIDES (BOULEVARD DES);2630;1368;1262
21002A23-;TH. BALIS (PLACE);1398;718;680
21002A22-;CANARIS (AVENUE DES);878;450;428
21002A24-;AVENUE DE BROUCKERE;1356;727;629
21002A25-;WATERMAEL (CHAUSSEE DE);1426;743;683
21002A45-;VAL DUC;798;409;389
21002A441;CHANT D'OISEAUX;1224;618;606
21002A482;VAL DUCHESSE;6;2;4
21002A190;FORET DE SOIGNES;44;19;25
21002A130;PARC DES PRINCES;1306;670;636
21002A572;DEPOT METRO;0;0;0
21002A311;AMITIE (PLACE DE L');1023;537;486
21002A372;QUARTIER INDUSTRIE;627;321;306
21002A492;WOLUWE PARC;8;5;3
21002A30-;TRIOMPHE (BOULEVARD DU);1256;625;631
21002A21-;LEBON;3174;1767;1407
21002A411;PUTDAAL;639;339;300
21002A00-;CENTRE - NORD;1101;581;520
21002A39-;CHEMIN DE FER;0;0;0
21002A18-;ROUGE CLOITRE;7;2;5
21002A02-;CENTRE-SUD;1081;585;496
21002A030;LAMMERENDRIES;1987;1048;939
21002A15-;SOUVERAIN (BLV DU)- BUILDINGS;147;83;64
21002A11-;SACRE-COEUR;1009;545;464
21002A10-;TRANSVAAL;2585;1394;1191
21002A14-;TEN REUKEN;403;200;203
21002A12-;AVENUE SCHALLER;1516;794;722
21002A43-;SOUVERAIN (BOULEVARD DU) NORD;1658;794;864
21002A091;TROIS COULEURS;0;0;0
21002A422;AVENUE IS.GERARD;145;70;75
21002A072;CENTRE COMMERCIAL;103;49;54
21002A041;VIGNETTE;560;286;274
21002A01-;SAINTE-ANNE;691;356;335
21002A52-;BEAULIEU;665;356;309
21003A38-;KONINCKXBOS;190;92;98
21003A312;POTAARDE  VLAK;2186;1115;1071
21003A323;SEPT ETOILES;954;499;455
21003A342;HOGENBOS;928;462;466
21003A331;ALLEE VERTE;758;378;380
21003A04-;L. DE SMET;1126;568;558
21003A0AJ;HUNDERENVELD;1040;562;478
21003A02-;LAURE - BASILIQUE;3176;1627;1549
21003A03-;HAUT-CHAMP;1929;961;968
21003A011;MOLENBERG;1623;850;773
21003A212;CLOS DU ZAVELENBERG;659;341;318
21003A00-;CENTRE;3016;1558;1458
21003A283;ZAVELENBERG;233;133;100
21003A11-;CITE MODERNE;869;466;403
21003A05-;DE SELLIERS DE MORANVILLE;1967;988;979
21003A41-;MONNET;747;412;335
21003A2MJ;GARE;471;237;234
21003A10-;HOPITAL FRANCAIS;3290;1731;1559
21004B421;MARIE-LOUISE (SQUARE);3709;1774;1935
21004B411;DEUX EGLISES (RUE DES);1551;747;804
21004F511;AVENUE DES PAGODES;1832;955;877
21004C62-;BOENDAAL-OUEST;654;350;304
21004C65-;VIVIER D'OIE;366;188;178
21004G310;HAREN-SUD-OUEST;1096;550;546
21004D6MJ;QUAI DES USINES - MONNOYER;8;5;3
21004F94-;VAL MARIA;866;474;392
21004F901;PLACE PETER BENOIT;1989;1052;937
21004G371;GARE DE FORMATION;6;3;3
21004G30-;SAINTE-ELISABETH;3370;1687;1683
21004F930;COIN DES CERISES;1989;1090;899
21004G321;HAREN-EST;1082;532;550
21004B2WJ;RUE DE PASCAL - ST.-SACREMENT;355;175;180
21004B45-;ECOLE MILITAIRE;1539;759;780
21004B49-;CINQUANTENAIRE (PARC DU);19;8;11
21004B1MJ;RUE JOSEPH II;0;0;0
21004A25-;BEGUINAGE (PLACE DU);1788;819;969
21004B2MJ;SCHUMAN (ROND-POINT);606;294;312
21004B44-;AMBIORIX-SUD (SQUARE);2844;1455;1389
21004B43-;AMBIORIX-NORD (SQUARE);5538;2829;2709
21004B293;LEOPOLD (PARC);142;78;64
21004A24-;MARCHE AU PORCS;3458;1576;1882
21004F970;MARLY-NORD;180;85;95
21004A35-;AD. MAX (BOULEVARD);1290;545;745
21004A83-;E. JACQMAIN (BOULEVARD)-OUEST;1515;664;851
21004F994;TRASSERSWEG - NEDER-HEEMBEEK;88;48;40
21004F531;RUE DES FAINES;2889;1473;1416
21004E180;DOMAINE ROYALE;24;14;10
21004E292;AVENUE DES CROIX DU FEU;6;3;3
21004G3MJ;DOBBELENBERG (RUE DE);471;249;222
21004F572;MARLY-SUD;51;23;28
21004F91-;CROIX DE GUERRE (AVENUE DES);2751;1436;1315
21004F922;RUE CHATEAU BEYAERD;3050;1519;1531
21004G3NJ;HAREN-SUD;385;194;191
21004C642;AVENUE FRANKLIN ROOSEVELT;372;201;171
21004C591;CAMBRE (BOIS DE LA);1;0;1
21004C61-;U.L.B.;877;472;405
21004C54-;LOUISE (AVENUE)-SUD-EST;1732;904;828
21004C63-;NATIONS (SQUARE DES);1334;700;634
21004B2NJ;CITE DE LA CHAUSSEE;382;169;213
21004B13-;TREVES (RUE DE);412;197;215
21004F953;RUE DU WIMPELBERG;1397;756;641
21004F9MJ;NEDER-HEEMBEEK-NORD;1446;734;712
21004A02-;SAINT-FRANCOIS XAVIER;1640;782;858
21004A70-;BLAES (RUE)-SUD;4775;2320;2455
21004A1MJ;COLONIES (RUE DES);41;18;23
21004A03-;BON SECOURS - PALAIS DU MIDI;2068;899;1169
21004A19-;PALAIS ROYAL;35;21;14
21004A23-;NOUVEAU MARCHE AU GRAIN;3282;1538;1744
21004A10-;GARE CENTRALE;80;34;46
21004A01-;VIEILLE HALLE AUX BLES;947;406;541
21004A22-;SENNE (RUE DE LA);3521;1689;1832
21004B10-;ORBAN (SQUARE);419;200;219
21004A72-;SAINT-THOMAS (INSTITUT);1631;741;890
21004A71-;BLAES (RUE)-CENTRE;1698;770;928
21004A002;BOURSE;564;233;331
21004A34-;MONNAIE;1024;406;618
21004A15-;JACOBS (PLACE);574;278;296
21004A04-;NOTRE-DAME DE LA CHAPELLE;1172;567;605
21004A16-;PALAIS JUSTICE-HOP. ST.-PIERRE;2716;1097;1619
21004A20-;BOURSE-NORD-OUEST;2477;1133;1344
21004A14-;GRAND SABLON;1813;854;959
21004A001;GRAND-PLACE;849;324;525
21004A32-;CONGRES - GARE;1273;592;681
21004A30-;SAINT-MICHEL ET GUDULE;20;6;14
21004C52-;LOUISE (AVENUE)-NORD-OUEST;1134;603;531
21004A12-;REGENT (BOULEVARD DU);154;65;89
21004C552;LOUISE (AVENUE)-SUD;1697;857;840
21004B112;RUE DU COMMERCE;41;19;22
21004A3MJ;CITE ADMINISTRATIVE ET CONGRES;135;53;82
21004C51-;LOUISE (AVENUE)-NORD-EST;1029;524;505
21004A33-;LIBERTE (PLACE DE LA);2333;1106;1227
21004C53-;LOUISE (AVENUE)-SUD-OUEST;795;398;397
21004C501;LOUISE (AVENUE)-NORD;559;302;257
21004A21-;ANNEESSENS (PLACE);6522;2950;3572
21004A13-;PETIT SABLON;919;450;469
21004E70-;MARIE-CHRISTINE (RUE);5689;2704;2985
21004E74-;EM. DELVA (RUE);8344;4053;4291
21004E201;AVENUE JEAN DE BOLOGNE;5470;2861;2609
21004E83-;STIENON (AVENUE);4424;2295;2129
21004E8MJ;HEYSEL;183;122;61
21004E130;SACRE-COEUR;5400;2611;2789
21004E73-;EM. BOCKSTAEL (BOULEVARD)-SUD;3938;1869;2069
21004E72-;MAISON ROUGE (PLACE)-SUD;6131;2943;3188
21004E193;N.D. DE LAEKEN;0;0;0
21004D64-;MASUI (PLACE)-NORD;1024;505;519
21004E112;RUE DES CHRYSANTHEMES;535;266;269
21004D62-;ANVERS (CHAUSSEE D')-NORD;3587;1685;1902
21004E211;RUE DE WAND;943;486;457
21004D631;ALLEE VERTE - BASSIN VERGOTE;575;244;331
21004E12-;PRINCE LEOPOLD (SQUARE);5505;2765;2740
21004D6NJ;TOUR ET TAXIS;314;150;164
21004A822;RUE DES COMMERCANTS;690;262;428
21004E800;DIVIN JESUS;1234;654;580
21004E233;DE MEYSSE (AVENUE);675;365;310
21004E101;PARVIS NOTRE DAME;2157;1066;1091
21004A811;QUAI DU COMMERCE;2629;1234;1395
21004D672;QUAI DE WILLEBROECK;1165;551;614
21004E14-;ECOLE DES CADETS;2938;1455;1483
21004F522;AVENUE DE VERSAILLES;2433;1299;1134
21004E82-;CITE MODELE;3603;1934;1669
21004E222;MUTSAARD (AVENUE);2577;1413;1164
21004E81-;DISQUE (RUE DU);1394;769;625
21004D600;PARVIS SAINT-ROCH;1248;642;606
21004D610;ANVERS (CHAUSSEE D')-SUD;2853;1422;1431
21004E8NJ;HOPITAL BRUGMANN;19;17;2
21005A10-;GENERAL HENRI (RUE);3522;1841;1681
21005A042;PH. BAUCQ (RUE);4361;2196;2165
21005A02-;CHAMP DU ROI (RUE);2941;1495;1446
21005A33-;CARDINAL LAVIGERIE (RUE);1519;797;722
21005A14-;ARMEE (AVENUE DE L');3265;1712;1553
21005A13-;LA CHASSE;1454;745;709
21005A082;COURS ST-MICHEL;275;150;125
21005A01-;SAINTE-GERTRUDE;3529;1810;1719
21005A322;NOUVELLE AVENUE-SUD;350;206;144
21005A311;CASERNE (Etterbeek);1733;912;821
21005A20-;PORTE DE TERVUEREN - TONGRES;1822;968;854
21005A15-;SAINT-MICHEL COLLEGE;2004;1053;951
21005A031;MAELBEEK;1649;876;773
21005A051;RINSDELLE;4296;2308;1988
21005A11-;NOTRE-DAME DU SACRE-COEUR;3233;1755;1478
21005A00-;HOTEL COMMUNAL;3822;1966;1856
21005A29-;CINQUANTENAIRE (PARC);0;0;0
21005A12-;SAINT-ANTOINE;6722;3338;3384
21005A22-;PORTE DE TERVUEREN - L. DE LAN;1097;558;539
21005A21-;PORTE DE TERVUEREN - BRAFFORT;750;405;345
21006A12-;GERMINAL I;777;439;338
21006A11-;OASIS - PROVENCE - LANGUEDOC;880;453;427
21006A153;KEET;1258;671;587
21006A13-;MAISON COMMUNALE;1466;772;694
21006A02-;IEDER ZIJN HUIS - STROOBANTS;638;373;265
21006A073;GARE DE FORMATION;0;0;0
21006A03-;BLOCS SAINT-VINCENT;789;438;351
21006A094;BON PASTEUR;441;248;193
21006A515;CARLI;1077;536;541
21006A24-;IEDER ZIJN HUIS - ZAVENTEM;544;287;257
21006A403;QUARTIER CICERO;1953;1002;951
21006A474;COMMUNAUTES;1085;530;555
21006A201;HAUT-EVERE;2590;1361;1229
21006A272;QUARTIER GROSJEAN;104;77;27
21006A21-;HOME FAMILIAL BRABANT;1151;620;531
21006A23-;DU BONHEUR;2959;1575;1384
21006A37-;ZONE INDUSTRIELLE;154;70;84
21006A312;J. BORDET (AVENUE DE);501;235;266
21006A101;CONSCIENCE;4493;2352;2141
21006A001;VIEIL EVERE;3058;1554;1504
21006A414;P. DUPONT (RUE);3201;1675;1526
21006A171;ANCIEN COMBATTANTS (AVENUE);618;299;319
21006A25-;GIBET;1075;622;453
21006A48-;CIMETIERE BRUXELLES;26;13;13
21006A22-;SAINT-EXUPERY;2106;1127;979
21006A011;CENTRE;2814;1441;1373
21006A142;ED. DEKNOOP (RUE);1274;657;617
21006A042;KERKHOEK;1245;648;597
21006A052;CHAMP DE REPOS;2505;1249;1256
21006A323;GERMINAL II;885;521;364
21007A03-;FOYER FORESTOIS - FAMILLE;1122;612;510
21007A252;MESSIDOR II;261;156;105
21007A201;ROOSENDAEL (RUE);2621;1477;1144
21007A21-;MAGNANERIE;527;308;219
21007A291;FOREST NATIONAL - STADE;7;3;4
21007A242;GLOBE;616;347;269
21007A75-;TOURNOI (RUE DU);1014;542;472
21007A814;VILLAS - MONT KEMMEL;178;87;91
21007A111;MESSIDOR I;589;318;271
21007A41-;PONT DE LUTTRE-OUEST;512;255;257
21007A142;MONTE CARLO;1461;761;700
21007A53-;WIELEMANS CEUPPENS;2765;1392;1373
21007A50-;BERANGER;3115;1540;1575
21007A51-;CHATAIGNE;966;480;486
21007A552;REINE MARIE-HENRIETTE;267;127;140
21007A541;LYCEE;623;310;313
21007A61-;MONTENEGRO (RUE);5253;2678;2575
21007A06-;KATANGA;711;353;358
21007A04-;FOYER FORESTOIS - MADELON;419;237;182
21007A00-;CENTRE SAINT-DENIS;3336;1596;1740
21007A101;BOURGOGNE;2823;1448;1375
21007A783;PARC DE FOREST;494;246;248
21007A373;CHARROI (RUE DE);18;11;7
21007A071;BOLLINCKX;1172;554;618
21007A70-;ALTITUDE  CENT;3238;1784;1454
21007A239;NEPTUNE (AVENUE) I;3091;1743;1348
21007A05-;NEERSTALLE;979;472;507
21007A082;BEMPT;55;34;21
21007A01-;CURE D'ARS;1262;631;631
21007A132;DENAYER (RUE);163;77;86
21007A52-;VAN VOLXEM - PETITE INDUSTRIE;1102;587;515
21007A40-;PONT DE LUTTRE;2031;971;1060
21007A02-;STUART MERRIL;598;300;298
21007A12-;HAVESKERCKE;253;129;124
21007A60-;SAINT-ANTOINE;4481;2184;2297
21007A73-;BERCKENDAEL (RUE);2214;1150;1064
21007A72-;MOLIERE;4545;2365;2180
21007A71-;CHAUSSEE D'ALSEMBERG;1363;716;647
21007A79-;PARC DUDEN;9;5;4
21008A31-;TOUSSAINT;463;244;219
21008A30-;LE HOME;1280;664;616
21008A00-;CENTRE;1112;566;546
21008A38-;PARC DE RIVIEREN;1;0;1
21008A27-;NESTOR MARTIN;0;0;0
21008A220;VILLAS DE GANSHOREN (OUEST);3016;1686;1330
21008A02-;SIPPELBERG;3007;1483;1524
21008A34-;PARC ALBERT;585;285;300
21008A35-;CHARTE;344;175;169
21008A240;REFORME;1472;850;622
21008A23-;DE MESMAEKER;314;182;132
21008A20-;CHARLES-QUINT;4169;2135;2034
21008A29-;RIVIERE MOLENBEEK;0;0;0
21008A01-;VAN PAGE-SUD;630;320;310
21008A33-;VAN PAGE-NORD;1174;609;565
21008A32-;HEIDEKEN;1596;862;734
21008A10-;PLATEAU;3235;1619;1616
21008A19-;BASILIQUE;2;2;0
21008A21-;MAIL;2459;1294;1165
21009A20-;PETITE SUISSE (PLACE DE LA);3172;1555;1617
21009A23-;ETOILE (ROND POINT DE L');2266;1196;1070
21009A623;KLAUWAERTS;323;160;163
21009A90-;SAINT-PHILIPPE DE NERI;1545;767;778
21009A652;HOPITAUX;2911;1461;1450
21009A501;LUXEMBOURG (PLACE DE);402;214;188
21009A552;PORTE DE NAMUR;1486;690;796
21009A542;EGLISE ANGLICANE;663;338;325
21009A051;SAINT-BONIFACE;1337;653;684
21009A041;ARBRE BENIT;2378;1222;1156
21009A00-;CENTRE;2612;1298;1314
21009A02-;MUSEE;3264;1560;1704
21009A101;FLAGEY (PLACE);1795;943;852
21009A03-;ERMITAGE;1984;1052;932
21009A13-;GACHARD;1449;744;705
21009A121;GENERAL DE GAULLE;1236;647;589
21009A63-;MACAU;2784;1486;1298
21009A602;BELVEDERE;372;174;198
21009A42-;RENIER CHALON;2741;1455;1286
21009A40-;MELEZES;1875;983;892
21009A301;BOONDAEL-NORD;989;535;454
21009A812;SCHOOLGAT;454;227;227
21009A33-;SAINT-ADRIEN;3960;2167;1793
21009A34-;STADE COMMUNAL;473;238;235
21009A21-;ETE;3652;1734;1918
21009A43-;FERNAND NEURAY;1868;990;878
21009A41-;SAINT-GEORGES;2279;1178;1101
21009A83-;L. ERNOTTE (RUE);1051;539;512
21009A52-;GRAY (RUE);3656;1825;1831
21009A2MJ;CAMPUS UNIVERSITAIRE;887;461;426
21009A44-;PREVOT;2007;968;1039
21009A712;CHATELAIN (PLACE DU)-OUEST;873;441;432
21009A72-;DEFACQZ;1795;929;866
21009A911;A. DELPORTE-SUD;1668;856;812
21009A311;TREILLE (RUE DE LA);330;173;157
21009A802;BOONDAEL-SUD;290;150;140
21009A82-;FORET;1206;690;516
21009A111;WERY (RUE);3242;1629;1613
21009A01-;BLYCKAERTS;2162;1074;1088
21009A22-;UNIVERSITE;3935;2093;1842
21009A53-;LONDRES (PLACE DE);3598;1749;1849
21009A512;WIERTZ;249;122;127
21009A593;QUARTIER LEOPOLD;0;0;0
21009A612;LIEGEOIS (RUE);3039;1579;1460
21009A151;A. DELPORTE-NORD;972;473;499
21009A922;CASERNE (Ixelles);338;172;166
21009A29-;CIMETIERE;1;0;1
21009A73-;BERCKENDAEL;2653;1391;1262
21009A451;CHATELAIN (PLACE DU)-EST;2448;1294;1154
21009A192;ETANGS;1;0;1
21010A393;SACRE-COEUR;90;43;47
21010A04-;NOTRE-DAME DE LOURDES;4534;2344;2190
21010A092;PARC DE LA JEUNESSE;0;0;0
21010A03-;MIROIR;3385;1702;1683
21010A182;DIELEGEM (BOIS DE);2;1;1
21010A10-;ANCIENNE BARRIERE;2166;1106;1060
21010A121;F. MOHRFELD (RUE DE);1305;688;617
21010A111;HEYMBOSCH;3000;1640;1360
21010A312;BAECK DUPRE;964;483;481
21010A4MJ;VUB;52;22;30
21010A1AJ;ARBRE BALLON;3018;1550;1468
21010A05-;ALBERT (QUARTIER);5758;2885;2873
21010A493;LAERBEEK (BOIS DE);20;11;9
21010A13-;CITE-JARDIN;4470;2354;2116
21010A00-;CENTRE;6224;3264;2960
21010A141;BRUGMANN;4292;2331;1961
21010A01-;ESSEGHEM;4981;2686;2295
21010A21-;MADELEINE;3814;1926;1888
21010A02-;LEOPOLD I;4415;2276;2139
21011A11-;LEPREUX;2189;1163;1026
21011A30-;ARCHERS - FOUREZ;2638;1221;1417
21011A20-;PLATEAU;3718;1876;1842
21011A10-;PAIX (AVENUE DE LA);2600;1356;1244
21011A01-;SAINTE-ANNE;4385;2242;2143
21011A02-;JACQUET (RUE DE);2127;1033;1094
21011A00-;VANHUFFEL;2282;1083;1199
21011A12-;BASILIQUE;2045;1075;970
21011A29-;PARC ELISABETH;0;0;0
21012A552;PFEIFFER;1370;718;652
21012A833;ELBERS;431;260;171
21012A84-;METTEWIE-BUILDINGS;2125;1138;987
21012A24-;OSSEGHEM;3647;1904;1743
21012A26-;MACHTENS-NORD;3845;2067;1778
21012A29-;MARIE-JOSE (PARC);0;0;0
21012A25-;BEEKKANT;848;436;412
21012A172;GARE OUEST;1143;574;569
21012A041;QUATRE VENTS;2091;1001;1090
21012A10-;DUCHESSE DE BRABANT;2517;1183;1334
21012A00-;CENTRE;2490;1197;1293
21012A05-;SAINT-JOSEPH;1117;536;581
21012A59-;KARREVELD;19;8;11
21012A851;CONDOR;1385;747;638
21012A882;DARING;534;260;274
21012A22-;BRASILIA;268;143;125
21012A13-;BIRMINGHAM-NORD;1535;715;820
21012A12-;BIRMINGHAM-SUD;1406;674;732
21012A672;ULENS;2605;1230;1375
21012A60-;LAEKENVELD;4968;2447;2521
21012A63-;DUBRUCQ-NORD;2292;1124;1168
21012A62-;LIBERATEURS;5475;2661;2814
21012A511;STEYNS;3004;1515;1489
21012A20-;BAECK;2037;1080;957
21012A72-;LAVALLEE;2759;1339;1420
21012A611;MEXICO;1728;818;910
21012A53-;SIPPELBERG;351;175;176
21012A54-;DELHAIZE;3289;1649;1640
21012A50-;BENES;3355;1777;1578
21012A71-;PIERS;3968;1835;2133
21012A21-;MARIE-JOSE BLOCS;1837;1024;813
21012A2MJ;CHEMIN DE FER;64;31;33
21012A152;ETANGS NOIRS;5855;2793;3062
21012A52-;NEEP (QUARTIER DU);3872;2018;1854
21012A39-;DE RAEDT;89;58;31
21012A30-;METTEWIE - IDYLLE;2225;1187;1038
21012A23-;MACHTENS-SUD;3583;1916;1667
21012A41-;MOORTEBEEK;1613;833;780
21012A822;KORENBEEK;4793;2471;2322
21012A811;MYRTES-NORD;902;425;477
21012A141;INDEPENDANCE;2691;1314;1377
21012A03-;RANSFORT;1940;973;967
21012A11-;INDUSTRIE;1429;649;780
21012A02-;BRUNFAUT (QUARTIER);898;476;422
21012A011;CANAL-SUD;1277;589;688
21012A732;CANAL-NORD;1367;636;731
21013A242;BETHLEEM (PLACE DE);1857;876;981
21013A102;PARVIS;431;203;228
21013A101;PARVIS;2555;1284;1271
21013A13-;DETHY (RUE);2300;1130;1170
21013A121;GUILLAUME TELL-SUD;872;416;456
21013A422;CRICKX (RUE);2939;1438;1501
21013A11-;PARME (RUE DE);1665;837;828
21013A01-;ESPAGNE (RUE D');3321;1725;1596
21013A04-;PRISON;1720;887;833
21013A623;FRANCE (RUE DE);61;27;34
21013A201;ANGLETERRE (RUE D');2362;1091;1271
21013A252;DANEMARK (RUE DE);2100;1021;1079
21013A23-;ROI (AVENUE DU);1521;765;756
21013A02-;CAPOUILLET (RUE);3172;1659;1513
21013A2MJ;GARE DU MIDI;31;15;16
21013A612;JAMAR;425;144;281
21013A22-;REGIES;3816;1828;1988
21013A211;FONTAINAS;2314;1181;1133
21013A052;FAIDER (RUE);1359;691;668
21013A151;METAL (RUE DU);1950;975;975
21013A522;RUE D'ECOSSE;1915;954;961
21013A40-;BARRIERE;2117;1031;1086
21013A41-;VILLAS (AVENUE DES);2688;1373;1315
21013A031;AMAZONE (RUE DE);1400;749;651
21013A00-;HOTEL DE VILLE;3540;1827;1713
21013A51-;TOISON D'OR (AVENUE);1790;899;891
21014A00-;PLACE SAINT-JOSSE;3355;1619;1736
21014A02-;CHARITE;1808;878;930
21014A14-;PRAIRIE;1335;611;724
21014A2MJ;NORD;5;3;2
21014A41-;BOSSUET;4038;1934;2104
21014A10-;SAINT-FRANCOIS;2641;1295;1346
21014A13-;ROGIER;0;0;0
21014A03-;MADOU;1183;580;603
21014A12-;SAINT-LAZARE;348;136;212
21014A01-;STEURS;1150;573;577
21014A04-;HAECHT (CHAUSSEE DE);3252;1547;1705
21014A05-;HOUWAERT;7704;3728;3976
21014A18-;JARDIN BOTANIQUE;0;0;0
21014A3MJ;MANHATTAN;547;255;292
21015A50-;OPALE;5126;2675;2451
21015A77-;R.T.B.;2324;1068;1256
21015A73-;H. EVENEPOEL (RUE);1387;708;679
21015A782;CIMETIERE DE SAINT-JOSSE;286;143;143
21015A31-;PATRIE;2555;1286;1269
21015A36-;CAMBIER (AVENUE E.);1930;985;945
21015A70-;P. HYMANS (RUE);1931;997;934
21015A721;F. COURTENS (AVENUE);983;532;451
21015A822;CH. GILISQUET - SUD (AVENUE);431;215;216
21015A7MJ;JOSAPHAT GARE;5;2;3
21015A34-;PAQUERETTES (RUE);1629;827;802
21015A63-;DESCHANEL P. (AVENUE);1600;816;784
21015A883;THEUNIS PIERRE (RUE);568;321;247
21015A811;TERDELT;1348;703;645
21015A831;LATINIS (AVENUE G.);3731;1948;1783
21015A03-;JOSAPHAT (RUE);5441;2749;2692
21015A021;HOUFFALIZE (PLACE);3554;1741;1813
21015A30-;GRANDE RUE AU BOIS;3654;1844;1810
21015A32-;CONSOLATION (RUE DE LA);2967;1513;1454
21015A64-;DUPLOYE SQUARE;3061;1531;1530
21015A33-;BIENFAITEURS (PLACE DE);2441;1215;1226
21015A35-;JEAN STOBBAERTS (AVENUE);2209;1152;1057
21015A53-;DAILLY (PLACE);3447;1732;1715
21015A54-;EMERAUDE (AVENUE);5099;2647;2452
21015A52-;LINTHOUT (RUE);2807;1464;1343
21015A51-;CERISIERS (AVENUE DES);1710;906;804
21015A05-;ROYALE SAINTE-MARIE (RUE);4567;2204;2363
21015A12-;HUART HAMOIR (AVENUE);2468;1282;1186
21015A152;PR. ELISABETH-NORD;3611;1798;1813
21015A101;GARE;1890;932;958
21015A111;MAETERLINCK;2807;1381;1426
21015A142;SAINTE-FAMILLE;233;129;104
21015A622;BRUSILIA;973;514;459
21015A71-;JARDINS;1599;859;740
21015A04-;L'OLIVIER (RUE);4946;2422;2524
21015A39-;JOSAPHAT (PARC);11;6;5
21015A421;PALAIS (RUE DE);1949;939;1010
21015A40-;BRABANT (RUE DE);3757;1791;1966
21015A43-;GARE DU NORD;1800;827;973
21015A44-;REINE (AVENUE);3552;1790;1762
21015A41-;VANDERLINDEN (RUE);3374;1607;1767
21015A612;BRICHAUT (RUE DE);4321;2132;2189
21015A45-;STEPHENSON (PLACE);1665;832;833
21015A00-;COLIGNON (PLACE);7545;3686;3859
21015A01-;VAN YSENDYCK (RUE);1027;512;515
21015A24-;WAELHEM (RUE);2817;1424;1393
21015A13-;PORTAELS (RUE);2254;1120;1134
21015A22-;MARBOTIN A. (RUE);3611;1880;1731
21015A272;HOPITAL P. BRIEN;300;165;135
21015A231;J. BLOCKX (RUE);1641;821;820
21015A20-;HELMET;5678;2802;2876
21015A21-;GUIDO GEZELLE (RUE);2141;1079;1062
21016A901;CENTRE-OUEST;2094;1154;940
21016A81-;BASCULE;3231;1724;1507
21016A82-;CHURCHILL;5017;2725;2292
21016A232;BEAU SEJOUR;1480;759;721
21016A831;LONGCHAMP;3020;1670;1350
21016A111;VERT CHASSEUR;954;487;467
21016A841;ZEECRABBE;413;212;201
21016A85-;BRUGMANN;1879;1070;809
21016A042;ECHEVINAGE;520;296;224
21016A03-;COGHEN;2983;1633;1350
21016A02-;ALSEMBERG-NORD;3619;1773;1846
21016A922;WOLVENBERG;1168;628;540
21016A912;GLOBE-OUEST;1095;589;506
21016A933;VOSSEGAT-OUEST;2924;1603;1321
21016A731;ROETAERT;538;292;246
21016A701;MERLO;2620;1388;1232
21016A772;ZWARTEBEEK;685;365;320
21016A72-;MELKRIEK;818;456;362
21016A71-;KEIENBEMPT;1881;1073;808
21016A13-;OBSERVATOIRE;3;0;3
21016A383;FORET DE SOIGNES LORRAINE-W.;0;0;0
21016A954;VOSSEGAT-EST;334;184;150
21016A331;CHAUSSEE DE WATERLOO-OUEST;346;201;145
21016A80-;VANDERKINDERE;2769;1524;1245
21016A225;PTOLEMEE;511;281;230
21016A64-;MOLENSTEEN;2132;1136;996
21016A05-;LE CHAT;4123;2177;1946
21016A39-;FORET DE SOIGNES LORRAINE-EST;8;2;6
21016A692;CIMETIERE - ST.-GILLES;1;0;1
21016A533;MOENSBERG;652;357;295
21016A943;SEPT-BONNIERS;980;525;455
21016A65-;ALSEMBERG-SUD;1050;531;519
21016A601;BOURDON;1137;600;537
21016A620;KRIEKENPUT;1082;568;514
21016A01-;DIEWEG;4082;2187;1895
21016A00-;GLOBE-EST;4440;2358;2082
21016A193;WOLVENDAEL;0;0;0
21016A102;GROESELENBERG;2083;1124;959
21016A12-;HAMOIR;2374;1317;1057
21016A44-;PECHERIE;2570;1393;1177
21016A214;ASTRONOMES;498;270;228
21016A322;CHAUSSEE DE WATERLOO-EST;853;449;404
21016A400;SAINT-JOB;2715;1426;1289
21016A429;CARLOO;1721;888;833
21016A410;ALPHONSE XIII;899;473;426
21016A490;KAUWBERG;397;212;185
21016A639;HOMBORCH;2502;1389;1113
21016A610;ENGELAND;498;262;236
21016A521;VERREWINKEL;459;234;225
21016A342;FOND;3200;1657;1543
21016A311;FORT JACO;1571;826;745
21017A512;VANDER ELST - BIEN FAIRE;1107;573;534
21017A541;LOUTRIER - WIENER;926;519;407
21017A192;STADE DES TROIS TILLEULS;14;6;8
21017A635;PRINCES BRABANCONS;458;245;213
21017A11-;FLOREAL;1503;869;634
21017A240;SOUVERAIN-OUEST;826;434;392
21017A230;BEGUINETTES;1305;672;633
21017A220;LE LOGIS-SUD;667;369;298
21017A443;VILLE-ET-FORET - ELAN;794;461;333
21017A41-;AVENUE DE VISE;1605;855;750
21017A523;MARTIN-PECHEUR;1591;901;690
21017A613;AVENUE DE TERCOIGNE;125;64;61
21017A696;HERONNIERE;88;45;43
21017A624;PECHERIES;1122;576;546
21017A534;RUE DES BEGONIAS;346;188;158
21017A501;CENTRE DE WATERMAEL;391;198;193
21017A421;WATERMAEL - STATION;147;80;67
21017A432;DRIES;1088;561;527
21017A021;DREVE DES EQUIPAGES;363;194;169
21017A01-;COIN DU BALAI;1270;682;588
21017A12-;LE LOGIS-NORD;2230;1242;988
21017A08-;SOUVERAIN-EST;185;99;86
21017A13-;BOULEAUX;1174;588;586
21017A212;AVENUE DE LA TENDERIE;1758;932;826
21017A000;CENTRE DE BOITSFORT;1115;604;511
21017A09-;FORET DE SOIGNES;9;4;5
21017A451;FUTAIE;1340;726;614
21017A472;ZONING DE BUREAUX-NORD;19;10;9
21017A374;ZONING DE BUREAUX-SUD;268;133;135
21017A041;DREVE DU DUC;867;450;417
21017A031;AVENUE DELLEUR;137;72;65
21017A312;CLOS DES CHENES;176;99;77
21017A323;DREVE DES TUMULI;114;67;47
21017A393;ETANGS DE BOITSFORT;29;11;18
21017A382;FORESTERIE;0;0;0
21018A20-;GEORGES HENRI (AVENUE);3272;1701;1571
21018A72-;ROGATIONS;2424;1250;1174
21018A21-;DE BROQUEVILLE (AVENUE)-NORD;3078;1731;1347
21018A35-;HOF TEN BERG-NORD;1049;579;470
21018A34-;HOF TEN BERG-SUD;1113;577;536
21018A32-;CLOS DES PEUPLIERS;456;230;226
21018A311;PARC SCHUMAN;2315;1285;1030
21018A33-;NEERVELD;2199;1197;1002
21018A22-;DE BROQUEVILLE (AVENUE)-SUD;1759;953;806
21018A512;QUARTIER DES PEINTRES;1675;906;769
21018A031;ABELOOS;1550;858;692
21018A04-;BEETEPUT;1894;1001;893
21018A02-;SLEGERS (AVENUE);1322;698;624
21018A37-;COMMUNAUTES;336;188;148
21018A63-;CONSTELLATIONS;1763;974;789
21018A05-;DRIES;1201;623;578
21018A61-;HEYDENBERG-EST;1975;1064;911
21018A62-;HEYDENBERG-OUEST;3414;1848;1566
21018A24-;LAMBEAU (AVENUE);2165;1149;1016
21018A09-;RASANTE;286;155;131
21018A30-;SAINTE-FAMILLE;1292;683;609
21018A643;DEUX MAISONS;1948;1109;839
21018A60-;ROODEBEEK PARC;619;300;319
21018A19-;STRUYCKBEKEN;19;11;8
21018A81-;KAPELLEVELD-SUD;655;355;300
21018A84-;KAPELLEVELD-NORD-EST;870;481;389
21018A00-;TOMBERG;1607;888;719
21018A43-;ROODEBEEK;1131;594;537
21018A41-;EUROPE;1488;836;652
21018A42-;VERVLOESEM;1288;727;561
21018A01-;SAINT-LAMBERT;989;522;467
21018A15-;LES SOURCES;236;126;110
21018A14-;CHANCELLERIE;1206;643;563
21018A13-;GROOTVELD;555;297;258
21018A12-;STOCKEL (CHAUSSEE DE);1361;729;632
21018A82-;MARIE LA MISERABLE;571;282;289
21018A83-;KLAKKEDELLE;947;494;453
21018A87-;SAINT-LUC;992;488;504
21018A3MJ;GULLEDELLE;3564;1828;1736
21019A231;KELLE;1027;547;480
21019A242;VENELLES;1097;608;489
21019A252;MONTGOLFIER;1247;651;596
21019A131;KONKEL;1762;935;827
21019A12-;ESCRIME (AVENUE DE L');596;301;295
21019A45-;HELICE (AVENUE DE L');967;505;462
21019A52-;DUC (RUE);1359;708;651
21019A51-;COLLEGE SAINT-MICHEL;1750;878;872
21019A04-;EGGERICX (RUE);1067;572;495
21019A03-;CAPITAINE PIRET (AVENUE);1152;593;559
21019A02-;CLOS DU SOLEIL;314;162;152
21019A052;DON BOSCO;965;490;475
21019A001;CENTRE;1644;892;752
21019A34-;EUROPE (QUARTIER DE L');1155;622;533
21019A30-;EGLANTINES (AVENUE);962;498;464
21019A33-;MIMOSAS (AVENUE);1812;973;839
21019A01-;BOULEVARD DE LA WOLUWE;712;367;345
21019A11-;MILLE METRES (AVENUE);1088;590;498
21019A31-;BEMEL;1315;711;604
21019A32-;CHANT D'OISEAU;2678;1455;1223
21019A09-;WOLUWE (PARC DE);1;0;1
21019A35-;HORIZON (AVENUE);1501;793;708
21019A28-;ETANGS MELLAERTS;111;63;48
21019A20-;SAINT-PAUL;1287;676;611
21019A14-;VAL DE SEIGNEURS;1706;906;800
21019A10-;STOCKEL;2508;1408;1100
21019A21-;MANOIR;1603;886;717
21019A40-;SAINTE-ALIX;2892;1526;1366
21019A15-;KAPELLEVELD;1652;927;725
21019A42-;SALOME AVENUE;1262;698;564
21019A22-;PUTDAAL;623;311;312
21019A441;FAISANDERIE;403;200;203
21019A41-;CITE JOLI-BOIS;1040;572;468
21019A43-;CORNICHE VERTE;527;283;244
21019A492;BOIS;2;1;1
21001C5PA;MEERVELD;196;95;101
21001C5MA;MEYLEMEERSCH;80;36;44
21001C6PB;ZONE RURALE;449;230;219
21001C6MB;MEYLEMEERSCH-EST;0;0;0
